Estación:       XALAPAob,  VER
Operada por:    SMN ESIME
Longitud:       96°54'14"  Longitud: 19°30'43  Altitud: 1360

DD/MM/AAAA HH:MM      	DIRS	    DIRR  RAPVIENTO2  RAPRAFAGA2	TEMP   	      HR	  PB 	    PREC     RAD-SOL
03/11/2014 20:00         269          34        1.90        5.10        20.9          62       869.5         0.0       764.0
03/11/2014 20:10         218         355        1.30        3.20        21.5          55       869.4         0.0       746.0
03/11/2014 20:20         208          43        1.40        4.40        21.3          58       869.4         0.0       733.0
03/11/2014 20:30         199         321        1.80        4.80        20.9          58       869.3         0.0       702.0
03/11/2014 20:40         217         314        2.00        5.00        21.5          54       869.3         0.0       667.0
03/11/2014 20:50         188           4        2.50        5.10        20.6          58       869.2         0.0       658.0
03/11/2014 21:00         173         262        2.20        5.30        21.5          56       869.1         0.0       665.0
03/11/2014 21:10         172         293        1.80        4.90        21.7          55       869.1         0.0       389.0
03/11/2014 21:20         140         276        1.90        4.00        22.2          49       869.1         0.0       572.0
03/11/2014 21:30         143         253        2.00        4.10        22.0          51       869.0         0.0       594.0
03/11/2014 21:40         122         198        2.40        4.90        22.7          51       869.0         0.0       615.0
03/11/2014 21:50         133         204        2.00        4.60        22.6          51       868.9         0.0       158.0
03/11/2014 22:00         161         218        2.00        5.10        20.6          60       869.0         0.0       164.0
03/11/2014 22:10         135         252        1.60        3.70        20.6          66       869.0         0.0       176.0
03/11/2014 22:20         124         205        2.20        4.40        19.8          73       869.0         0.0       300.0
03/11/2014 22:30         123         197        2.30        4.40        18.7          78       868.9         0.0       150.0
03/11/2014 22:40         117         295        2.00        4.90        17.7          82       868.9         0.0        62.0
03/11/2014 22:50         122         295        2.20        4.40        17.0          87       869.0         0.0        93.0
03/11/2014 23:00         126         241        1.60        3.90        16.9          88       869.0         0.0        60.0
03/11/2014 23:10         124         209        1.80        3.70        16.6          90       869.0         0.0        35.0
03/11/2014 23:20         129         204        1.50        3.20        16.4          92       869.0         0.0        14.0
03/11/2014 23:30         120         179        1.80        3.30        16.1          93       869.1         0.0         4.0
03/11/2014 23:40         114         154        1.90        3.20        15.7          96       869.2         0.0         5.0
03/11/2014 23:50         117         208        1.50        3.00        15.6          97       869.2         0.0         2.0
04/11/2014 00:00         127         251        0.90        2.10        15.6          98       869.3         0.0         0.0
04/11/2014 00:10         113         242        1.20        2.60        15.5          98       869.3         0.0         0.0
04/11/2014 00:20         113         213        1.20        2.20        15.4          99       869.3         0.0         0.0
04/11/2014 00:30         148         220        1.00        2.40        15.4         100       869.4         0.0         0.0
04/11/2014 00:40         125         211        1.30        2.60        15.4         100       869.5         0.0         0.0
04/11/2014 00:50         113         171        1.60        3.40        15.4          99       869.6         0.0        -1.0
04/11/2014 01:00         117         188        1.40        2.40        15.5          99       869.8         0.0         0.0
04/11/2014 01:10         120         225        1.20        2.20        15.6          98       869.9         0.0         0.0
04/11/2014 01:20         124         264        1.40        3.40        15.7          98       870.1         0.0         0.0
04/11/2014 01:30         117         218        1.40        3.00        15.3          99       870.1         0.0         0.0
04/11/2014 01:40         137         259        1.10        2.80        15.2         100       870.2         0.0         0.0
04/11/2014 01:50         122         225        1.40        2.90        15.2         100       870.3         0.0         0.0
04/11/2014 02:00         154         279        1.20        2.50        15.1         100       870.4         0.0         0.0
04/11/2014 02:10         157         211        1.40        3.10        15.0         100       870.4         0.0         0.0
04/11/2014 02:20         148         231        1.00        2.00        15.0         100       870.5         0.0         0.0
04/11/2014 02:30         128         229        1.30        3.90        14.7         100       870.6         0.0         0.0
04/11/2014 02:40         122         170        2.50        4.50        14.2         100       870.7         0.0         0.0
04/11/2014 02:50         124         197        2.30        4.60        14.1         100       870.8         0.0         0.0
04/11/2014 03:00         128         310        1.70        3.60        14.1         100       870.9         0.0         0.0
04/11/2014 03:10         137         287        1.40        3.30        14.1         100       871.0         0.0         0.0
04/11/2014 03:20         129         203        2.10        4.10        14.0         100       871.0         0.0         0.0
04/11/2014 03:30         137         242        1.30        3.20        14.0         100       871.0         0.0         0.0
04/11/2014 03:40         171         302        1.10        3.70        14.0         100       871.1         0.0         0.0
04/11/2014 03:50         200         293        0.90        2.00        14.0         100       871.1         0.0         0.0
04/11/2014 04:00         168         291        1.40        4.00        13.8         100       871.2         0.0         0.0
04/11/2014 04:10         161         212        2.10        3.50        13.8         100       871.1         0.2        -1.0
04/11/2014 04:20         156         221        1.80        3.60        13.8         100       871.1         0.0        -1.0
04/11/2014 04:30         165         321        1.40        3.20        13.8          99       871.2         0.0         0.0
04/11/2014 04:40         150         279        1.40        3.30        13.8          99       871.2         0.0         0.0
04/11/2014 04:50         152         278        1.40        3.20        13.8         100       871.2         0.0         0.0
04/11/2014 05:00         154         308        1.40        3.70        13.8         100       871.2         0.2         0.0
04/11/2014 05:10         155         262        1.20        2.90        13.8         100       871.2         0.0         0.0
04/11/2014 05:20         186         248        0.90        1.80        13.7         100       871.1         0.0         0.0
04/11/2014 05:30         178         251        0.90        2.10        13.7         100       871.2         0.0         0.0
04/11/2014 05:40         174         246        1.10        2.10        13.8         100       871.1         0.0         0.0
04/11/2014 05:50         152         344        1.00        2.80        13.8         100       871.0         0.2         0.0
04/11/2014 06:00         139         224        1.30        2.90        13.8         100       870.9         0.0         0.0
04/11/2014 06:10         142         274        1.00        2.40        13.7         100       870.8         0.0         0.0
04/11/2014 06:20         157         290        1.10        2.70        13.7         100       870.8         0.2         0.0
04/11/2014 06:30         164         244        1.50        3.10        13.6         100       870.6         0.0        -1.0
04/11/2014 06:40         184         260        1.20        3.10        13.6         100       870.6         0.0        -1.0
04/11/2014 06:50         193         263        1.60        3.10        13.5         100       870.5         0.0         0.0
04/11/2014 07:00         191         253        1.10        2.20        13.5         100       870.4         0.0         0.0
04/11/2014 07:10         178         233        1.20        2.40        13.5         100       870.4         0.0         0.0
04/11/2014 07:20         180         253        1.30        2.50        13.5         100       870.3         0.2         0.0
04/11/2014 07:30         166         261        1.20        2.90        13.4         100       870.1         0.0         0.0
04/11/2014 07:40         179         266        0.90        2.40        13.4         100       869.9         0.0         0.0
04/11/2014 07:50         189         282        1.20        2.20        13.4         100       869.7         0.0         0.0
04/11/2014 08:00         182         310        0.90        2.30        13.4         100       869.5         0.0        -1.0
04/11/2014 08:10         185         299        0.80        1.70        13.4         100       869.5         0.0         0.0
04/11/2014 08:20         172         260        0.80        1.80        13.4         100       869.3         0.0         0.0
04/11/2014 08:30         160         266        1.00        2.70        13.4         100       869.2         0.0         0.0
04/11/2014 08:40         166         227        1.00        2.20        13.4         100       869.2         0.0         0.0
04/11/2014 08:50         172         237        0.80        1.60        13.3          99       869.2         0.0        -1.0
04/11/2014 09:00           0           0        0.00        0.00        13.3          99       869.1         0.0         0.0
04/11/2014 09:10         217         296        1.00        1.80        13.3         100       869.0         0.0        -1.0
04/11/2014 09:20         247         294        1.10        2.00        13.3         100       869.0         0.0        -1.0
04/11/2014 09:30         268         334        1.00        1.90        13.3         100       868.9         0.0         0.0
04/11/2014 09:40         266         337        0.80        1.60        13.3         100       868.8         0.0         0.0
04/11/2014 09:50         260         342        1.00        2.20        13.3         100       868.6         0.0         0.0
04/11/2014 10:00         258         346        1.00        2.10        13.3         100       868.5         0.0         0.0
04/11/2014 10:10         264         308        1.30        2.40        13.3         100       868.4         0.0         0.0
04/11/2014 10:20         268         350        1.40        2.50        13.2         100       868.4         0.0         0.0
04/11/2014 10:30         260           4        0.80        1.90        13.2         100       868.3         0.0         0.0
04/11/2014 10:40         261           6        0.80        1.60        13.1         100       868.2         0.0         0.0
04/11/2014 10:50         264         335        1.00        2.00        13.1         100       868.2         0.0         0.0
04/11/2014 11:00         268         306        1.50        2.50        13.0         100       868.2         0.0        -1.0
04/11/2014 11:10         269         312        1.50        2.50        12.9         100       868.1         0.0        -1.0
04/11/2014 11:20         269         305        1.90        3.10        12.7         100       868.2         0.0        -1.0
04/11/2014 11:30         263         296        1.50        2.90        12.6         100       868.1         0.0        -1.0
04/11/2014 11:40         261         306        1.10        2.00        12.6          99       868.1         0.0        -1.0
04/11/2014 11:50         255         315        0.90        2.00        12.6         100       868.1         0.0        -1.0
04/11/2014 12:00         259         303        1.20        2.30        12.5         100       868.2         0.0        -1.0
04/11/2014 12:10         254         312        1.20        2.60        12.2          99       868.2         0.0        -1.0
04/11/2014 12:20         249         290        1.00        2.00        12.1          99       868.3         0.0         0.0
04/11/2014 12:30         258         313        1.20        2.30        12.1          99       868.3         0.0         2.0
04/11/2014 12:40         248         281        1.30        2.10        12.0         100       868.4         0.0         8.0
04/11/2014 12:50         263         300        1.30        2.50        12.1          99       868.4         0.0        19.0
04/11/2014 13:00         251         291        1.10        2.10        12.2          99       868.4         0.0        38.0
04/11/2014 13:10         257         305        1.10        2.00        12.2          97       868.5         0.0        50.0
04/11/2014 13:20         266         319        1.50        2.60        12.3          96       868.5         0.0        65.0
04/11/2014 13:30         249         288        0.90        1.60        12.5          96       868.6         0.0       123.0
04/11/2014 13:40         232         277        1.00        1.70        12.7          95       868.7         0.0        97.0
04/11/2014 13:50         225         303        0.90        2.10        12.8          94       868.8         0.0       113.0
04/11/2014 14:00         263         351        1.00        2.10        13.4          93       868.8         0.0       142.0
04/11/2014 14:10         269         320        1.30        2.00        14.0          90       868.9         0.0       183.0
04/11/2014 14:20         258          56        0.80        2.10        14.8          86       868.9         0.0       263.0
04/11/2014 14:30         279          64        0.80        1.40        16.8          78       869.0         0.0       405.0
04/11/2014 14:40         269         352        0.80        1.90        16.7          75       869.0         0.0       200.0
04/11/2014 14:50         269          38        0.50        1.60        16.4          72       869.0         0.0       238.0
04/11/2014 15:00         253         330        1.20        2.50        16.4          75       869.1         0.0       208.0
04/11/2014 15:10         236         309        1.40        3.20        16.5          76       869.1         0.0       444.0
04/11/2014 15:20         229          69        0.70        2.10        17.8          69       869.1         0.0       319.0
04/11/2014 15:30         214         286        1.60        3.30        16.9          68       869.2         0.0       258.0
04/11/2014 15:40         234         306        1.20        2.90        17.7          75       869.3         0.0       544.0
04/11/2014 15:50         230         356        1.90        4.40        17.2          71       869.3         0.0       440.0
04/11/2014 16:00         190          11        1.10        2.80        17.4          70       869.3         0.0       309.0
04/11/2014 16:10         174         277        1.70        4.00        18.1          67       869.3         0.0      1047.0
04/11/2014 16:20         160         258        1.90        3.50        18.2          66       869.2         0.0       377.0
04/11/2014 16:30         160         350        1.40        4.30        17.3          70       869.2         0.0       245.0
04/11/2014 16:40         187         304        1.20        3.40        18.1          66       869.0         0.0       432.0
04/11/2014 16:50         165         300        1.30        3.30        18.7          67       868.9         0.0       303.0
04/11/2014 17:00         178         257        1.50        4.10        17.8          70       868.9         0.0       294.0
04/11/2014 17:10         150         339        1.00        2.90        18.3          65       868.8         0.0       383.0
04/11/2014 17:20         196         316        1.50        3.80        18.6          66       868.6         0.0       462.0
04/11/2014 17:30         208         323        1.70        3.40        18.6          65       868.5         0.0       364.0
04/11/2014 17:40         142         226        1.30        2.90        19.1          62       868.3         0.0       381.0
04/11/2014 17:50         198         349        1.80        3.60        18.4          64       868.2         0.0       409.0
04/11/2014 18:00         178         235        1.50        4.10        18.9          64       868.0         0.0       829.0
04/11/2014 18:10         257         109        1.30        3.80        18.8          64       867.8         0.0       400.0
04/11/2014 18:20         320          45        1.60        3.30        18.7          67       867.7         0.0       355.0
04/11/2014 18:30         176         329        1.10        3.30        20.0          64       867.5         0.0       956.0
04/11/2014 18:40         133         256        2.10        4.40        20.0          63       867.3         0.0      1048.0
04/11/2014 18:50         171         318        2.40        5.30        20.8          60       867.2         0.0       595.0
04/11/2014 19:00         173         335        2.00        4.40        21.5          57       867.1         0.0       982.0
04/11/2014 19:10         169         265        2.60        4.50        21.9          56       866.9         0.0       683.0
04/11/2014 19:20         118         229        1.70        3.80        20.8          58       866.7         0.0       406.0
04/11/2014 19:30         199           1        2.20        5.00        20.4          65       866.6         0.0      1136.0
04/11/2014 19:40         170         301        2.20        4.50        20.2          60       866.5         0.0       308.0